1 0 .26300371517027863777
10 1 .23980000000000000000
11 10 1.49859230769230769230
12 11 .28295681818181818181
13 12 .13516250000000000000
18 13 .20815000000000000000
22 18 .55472419804321337660
42 22 .34595835848457170088
87 22 .54726137959309178496
141 22 .35501080111669259439
12604 1 .22830000000000000000
12605 12604 .09418438196680703492
12606 12605 .22402402870576589952
12613 1 .27600000000000000000
12614 12613 .09934040695345670111
12615 12614 .21400191938579654510
20017 27540 .15925925925925925925
27540 42 .33627256568778979907
